100
1011
1012
1013
1014
1015
1016
1017
1018
1019
101
1020
1021
1022
1023
1024
1025
1026
1027
1028
1029
102
1030
1031
1032
1033
1034
103
104
105
106
107
108
109
110
111
112
113
114
115
116
117
118
119
120
121
122
127
139
140
174
175
176
179
188
194
195
2002
2003
2004
2005
2006
2007
2008
2009
2010
2019
201
2020
2021
2022
2023
2024
2025
2026
2027
2029
202
2030
21
22
2301
2302
2305
2312
2313
2321
2324
2325
2326
2327
2328
2329
2330
2331
2332
2333
2334
2335
2336
2337
2338
2339
2340
2341
2342
2343
2345
2346
2347
2349
2351
2352
2353
2354
2364
2374
2375
2376
2379
2380
2381
2382
2384
2385
2387
2398
2399
23
2400
2401
2402
2406
2407
2408
2409
2410
2416
2418
2429
2430
2431
2432
2433
2435
2436
2437
2438
2439
2440
2441
2442
2443
2444
2446
2451
2454
2455
2456
2457
2458
2459
2460
2461
2462
2463
2464
2465
2482
2483
2484
2485
2486
2487
2488
2489
2499
24
2500
2502
2503
2504
2505
2506
2507
2508
2509
2510
2511
2512
2513
2514
2515
2516
2517
2518
2519
2520
2521
2522
2523
2524
2525
2526
2527
2528
2529
2531
2532
2533
2534
2535
2536
2537
2538
2541
2543
2544
2545
2546
2548
2549
2554
2555
2556
2557
2558
2559
2560
2561
2562
2563
2564
2565
2566
2567
2568
2569
2570
2571
2572
2573
2574
2575
2576
2577
2580
2581
2582
2583
2584
2585
2586
2587
2588
2589
2590
2591
2592
2593
2594
2597
2598
2600
2601
2602
2603
2604
2605
2606
2608
2610
2612
2613
2614
2617
2620
2621
2622
2623
2625
2626
2627
2628
2629
2630
2631
2632
2633
2634
2635
2636
2637
2638
2639
2640
2641
2642
2646
2647
2648
2650
2651
2652
2653
2654
2655
2656
2657
2658
2659
2660
2661
2662
2663
2664
2665
2666
2667
2668
2669
2670
2671
2672
2673
2674
2675
2676
2677
2678
2679
267
2680
2681
2682
2683
2684
2685
2686
2687
2688
2689
268
2690
2691
2692
2693
2694
2695
2696
2697
2698
2699
2700
2701
2702
2703
2704
2705
2706
2707
2708
2709
2710
2711
2712
2713
2714
2715
2716
2717
2719
2721
2722
2725
2726
2729
2730
2732
2733
2734
2738
2739
2740
2741
2742
2743
2744
2745
2746
2748
2749
274
2751
2753
2754
2755
2756
2757
2758
2759
275
2760
2761
2762
2765
2766
2767
2768
2769
276
2770
2771
2773
2774
2775
2776
2777
2778
2779
277
2780
2781
2782
2783
2784
2785
2786
2787
2788
278
279
27
280
2820
2821
2822
2823
2825
2826
2827
2828
2829
282
2830
2831
2832
2833
2834
2835
2836
2837
2838
2839
283
2840
2841
2842
2843
2844
2845
2846
2847
2848
284
285
2866
2867
2868
2869
2870
2871
2872
2873
2874
2875
2876
2877
2878
2879
2880
2881
2882
2883
2884
2885
2886
2887
2888
2889
288
2890
2891
2892
2893
2894
2895
2896
2897
2898
2899
289
2900
2901
2902
2903
2904
2905
2906
2907
2908
2909
290
2910
2911
2912
2913
2914
2915
2916
2917
2918
2919
291
2920
2921
2922
2923
2924
2925
2926
2927
292
293
294
295
2967
296
2971
2972
2973
2975
297
2980
2984
298
299
301
302
303
304
305
3064
306
307
3083
3084
3085
3086
3087
309
310
311
312
313
316
3172
3173
317
318
3190
3192
3193
3194
3195
319
320
321
322
324
325
326
327
328
329
330
331
332
334
336
337
338
342
343
346
358
359
360
362
364
366
370
371
372
373
374
375
376
377
381
382
383
384
386
387
388
389
391
392
393
394
396
397
398
399
401
402
403
404
406
407
408
409
40
410
411
412
413
414
415
416
417
418
419
420
421
422
423
424
425
426
427
428
429
430
431
432
43
44
455
456
457
458
459
460
461
462
463
464
465
466
467
468
469
470
472
473
474
475
476
477
478
479
481
484
485
486
487
488
489
48
490
491
49
50
513
514
51
526
52
538
539
53
540
541
542
543
544
545
54
553
55
56
575
578
57
581
582
584
585
586
587
588
589
58
590
591
592
593
594
597
599
59
601
602
603
604
605
606
607
608
609
60
610
611
612
613
614
615
616
617
618
619
61
620
621
622
623
624
625
626
627
628
62
630
633
634
635
636
637
638
639
63
640
643
644
645
64
650
651
652
654
655
656
657
658
659
65
660
661
662
663
668
669
66
670
674
675
67
691
693
695
696
69
701
709
710
711
712
713
715
716
717
718
725
734
737
738
739
740
741
742
743
745
746
747
748
749
750
751
752
753
754
755
757
758
762
763
764
765
767
768
769
770
771
772
773
774
777
778
779
780
781
782
783
784
785
786
787
788
789
790
791
792
793
794
795
796
797
798
799
800
801
802
803
804
805
806
807
808
809
810
811
812
813
814
815
816
817
818
819
820
821
822
823
824
825
826
827
828
829
830
831
832
834
835
836
837
838
839
840
841
842
843
844
845
846
847
848
849
850
851
852
853
854
855
856
857
858
859
860
861
862
863
864
865
866
867
868
869
870
871
872
873
874
875
876
877
878
879
880
881
882
883
884
885
886
887
888
889
890
891
895
896
897
898
899
900
901
902
903
904
905
906
908
909
90
911
912
913
914
918
919
921
922
923
924
925
926
927
928
930
931
932
936
937
938
93
940
941
942
943
944
945
946
947
948
949
94
950
951
952
953
954
955
956
957
958
95
963
964
965
966
967
96
970
971
973
978
979
97
982
983
984
985
98
992
99
