342
343
360
362
364
366
526
582
584
586
588
589
590
591
592
593
633
634
635
636
637
638
639
640
650
651
652
712
734
737
738
739
740
741
742
743
745
746
747
748
749
750
751
752
753
754
755
757
758
762
772
773
774
777
778
779
780
781
782
783
784
785
786
787
788
789
790
791
792
793
794
795
796
797
798
799
800
801
802
803
804
805
806
807
808
809
810
811
812
813
814
815
816
817
818
819
820
821
822
823
824
825
826
827
828
829
830
831
832
834
835
836
837
838
839
840
841
842
843
844
845
846
847
848
849
850
851
852
853
854
855
856
857
858
859
860
861
862
863
895
896
983
984
985
992
1011
1012
1013
1014
1015
1016
1017
1018
1019
1020
1021
1022
1023
1024
1025
1026
1027
1028
1029
1030
1031
1032
1033
1034
2010
2019
2020
2021
2022
2023
2024
2025
2026
2027
2029
2030
2301
2302
2305
2321
2324
2325
2326
2327
2328
2329
2330
2331
2332
2333
2334
2335
2336
2337
2343
2345
2346
2347
2349
2351
2352
2353
2354
2374
2375
2376
2381
2387
2416
2418
2455
2456
2457
2458
2459
2460
2461
2462
2463
2464
2465
2483
2484
2485
2486
2487
2488
2489
2543
2546
2549
2554
2555
2556
2580
2581
2582
2583
2584
2586
2587
2588
2589
2590
2591
2592
2593
2594
2605
2606
2608
2625
2626
2627
2628
2629
2630
2631
2632
2633
2634
2635
2636
2637
2640
2641
2642
2676
2677
2678
2679
2680
2681
2682
2683
2684
2685
2686
2687
2725
2730
2732
2733
2734
2741
2753
2754
2755
2776
2777
2778
2779
2780
2781
2782
2783
2785
2786
2787
2788
2821
2822
2823
2825
2826
2827
2828
2829
2830
2831
2832
2835
2836
2837
2838
2839
2840
2841
2842
2843
2844
2845
2846
2847
2848
2866
2867
2868
2869
2870
2871
2872
2873
2874
2875
2876
2877
2878
2879
2880
2881
2882
2883
2884
2885
2886
2887
2888
2889
2890
2891
2892
2893
2894
2895
2971
2972
2973
2975
2980
3083
3084
3085
3086
3087
3190
3192
3193
3194
3195
