21
22
23
24
27
40
43
44
48
49
50
51
52
53
54
55
56
57
58
59
60
61
62
63
64
65
66
67
69
90
93
94
95
96
97
98
99
100
101
102
103
104
105
106
107
108
109
110
111
112
113
114
115
116
117
118
119
120
121
122
127
139
140
174
175
176
179
188
194
195
201
202
267
268
274
275
276
277
278
279
280
282
283
284
285
288
289
290
291
292
293
294
295
296
297
298
299
301
302
303
304
305
306
307
309
310
311
312
313
316
317
318
319
320
321
322
324
325
326
327
328
329
330
331
332
334
336
337
338
342
343
346
358
359
360
362
364
366
370
371
372
373
374
375
376
377
381
382
383
384
386
387
388
389
391
392
393
394
396
397
398
399
401
402
403
404
406
407
408
409
410
411
412
413
414
415
416
417
418
419
420
421
422
423
424
425
426
427
428
429
430
431
432
455
456
457
458
459
460
461
462
463
464
465
466
467
468
469
470
472
473
474
475
476
477
478
479
481
484
485
486
487
488
489
490
491
513
514
526
538
539
540
541
542
543
544
545
553
575
578
581
582
584
586
588
589
590
591
592
593
597
599
601
602
603
604
605
606
607
608
609
610
611
612
613
614
615
616
617
618
619
620
621
622
623
624
625
626
627
628
630
633
634
635
636
637
638
639
640
643
644
645
650
651
652
654
655
656
657
658
659
660
661
662
663
668
669
670
674
675
691
693
695
696
701
709
710
711
712
713
715
716
717
718
725
734
737
738
739
740
741
742
743
745
746
747
748
749
750
751
752
753
754
755
757
758
762
763
764
765
767
768
769
770
772
773
774
777
778
779
780
781
782
783
784
785
786
787
788
789
790
791
792
793
794
795
796
797
798
799
800
801
802
803
804
805
806
807
808
809
810
811
812
813
814
815
816
817
818
819
820
821
822
823
824
825
826
827
828
829
830
831
832
834
835
836
837
838
839
840
841
842
843
844
845
846
847
848
849
850
851
852
853
854
855
856
857
858
859
860
861
862
863
864
865
866
867
868
869
870
871
872
873
874
875
876
877
878
879
880
881
882
883
884
885
886
887
888
889
890
891
895
896
897
898
899
901
902
903
905
906
908
909
911
912
913
914
918
919
921
922
923
924
925
926
927
928
930
931
932
936
937
938
940
941
942
943
944
945
946
947
948
949
950
951
952
953
954
955
956
957
958
963
964
965
966
967
970
971
973
978
979
982
983
984
985
992
1011
1012
1013
1014
1015
1016
1017
1018
1019
1020
1021
1022
1023
1024
1025
1026
1027
1028
1029
1030
1031
1032
1033
1034
2002
2003
2004
2005
2006
2007
2008
2009
2010
2019
2020
2021
2022
2023
2024
2025
2026
2027
2029
2030
2301
2302
2305
2312
2313
2321
2324
2325
2326
2327
2328
2329
2330
2331
2332
2333
2334
2335
2336
2337
2338
2339
2340
2341
2342
2343
2345
2346
2347
2349
2351
2352
2353
2354
2364
2374
2375
2376
2379
2380
2381
2382
2384
2385
2387
2398
2399
2400
2401
2402
2406
2407
2408
2409
2410
2416
2418
2442
2443
2444
2446
2454
2455
2456
2457
2458
2459
2460
2461
2462
2463
2464
2465
2482
2483
2484
2485
2486
2487
2488
2489
2499
2500
2502
2503
2504
2505
2506
2507
2508
2509
2510
2511
2512
2513
2514
2515
2516
2517
2518
2519
2520
2521
2522
2523
2524
2525
2526
2527
2528
2529
2531
2532
2533
2534
2535
2536
2537
2538
2541
2543
2544
2545
2546
2548
2549
2551
2552
2553
2554
2555
2556
2558
2559
2560
2561
2562
2563
2564
2565
2566
2567
2568
2569
2570
2571
2572
2573
2574
2575
2576
2577
2580
2581
2582
2583
2584
2586
2587
2588
2589
2590
2591
2592
2593
2594
2604
2605
2606
2608
2625
2626
2627
2628
2629
2630
2631
2632
2633
2634
2635
2636
2637
2638
2639
2640
2641
2642
2646
2648
2650
2651
2652
2653
2654
2655
2656
2657
2658
2659
2660
2661
2662
2663
2664
2665
2666
2667
2668
2669
2670
2671
2672
2673
2674
2676
2677
2678
2679
2680
2681
2682
2683
2684
2685
2686
2687
2688
2689
2690
2691
2692
2693
2694
2695
2696
2697
2698
2699
2700
2701
2702
2703
2704
2705
2706
2707
2708
2709
2710
2711
2712
2713
2714
2715
2716
2717
2719
2721
2722
2725
2726
2729
2730
2732
2733
2734
2738
2739
2740
2741
2742
2743
2744
2745
2746
2749
2751
2753
2754
2755
2756
2757
2758
2759
2760
2761
2762
2763
2764
2765
2766
2767
2768
2769
2770
2771
2773
2774
2775
2776
2777
2778
2779
2780
2781
2782
2783
2784
2785
2786
2787
2788
2820
2821
2822
2823
2825
2826
2827
2828
2829
2830
2831
2832
2833
2835
2836
2837
2838
2839
2838
2841
2842
2843
2844
2845
2846
2847
2848
2866
2867
2868
2869
2870
2871
2872
2873
2874
2875
2876
2877
2878
2879
2880
2881
2882
2883
2884
2885
2886
2887
2888
2889
2890
2891
2892
2893
2894
2895
2896
2897
2898
2899
2900
2901
2902
2903
2904
2905
2906
2907
2908
2909
2910
2911
2912
2913
2914
2915
2916
2917
2918
2919
2920
2921
2922
2923
2924
2925
2926
2927
2928
2947
2948
2949
2950
2951
2952
2954
2955
2956
2959
2960
2961
2962
2963
2964
2965
2971
2972
2973
2974
2975
2976
2980
2984
3008
3009
3010
3045
3046
3047
3050
3051
3055
3056
3058
3064
3083
3084
3085
3086
3087
3170
3172
3173
3190
3192
3193
3194
3195
3248
3250
3326
3327
3328
3327
3251
3247
2501
515
34
1040
1042
1043
1044
2850
2539
2540
448
446
447
445
3316
559
555
560
3201
2946
214
215
339
340
574
577
3275
3305
900
771
3277
2585
2602
2718
2304
2860
2858
2861
904
2862
2863
2859
2270
2675
2967
2979
3278
2603
2647
2958
3253
2720
2612
2620
2621
2614
2451
2431
2597
2429
2613
2610
2432
594
2601
2600
2437
2438
2439
2440
2441
2435
2436
2617
2433
585
2598
587
2623
2622
2430
2929
3207
2403
